#    		    	 Y
#    X                 -0.36                 -0.30                 -0.24                 -0.18                 -0.12                 -0.06                 -0.00                 +0.06                 +0.12                 +0.18                 +0.24                 +0.30                 +0.36
 -0.66   -284.53165993301684   -284.54760076421161   -284.55326817696158   -284.55247946413181   -284.54752787369961   -284.54005479917015   -284.53075262934021   -284.52024304947020   -284.50836297391157   -284.49475374490299   -284.47831751007203   -284.45698827376805   -284.42743627268987
 -0.60   -284.53886845499761   -284.55471943790729   -284.56054844677448   -284.55980880041102   -284.55496666116585   -284.54754432681324   -284.53838160520735   -284.52794771971372   -284.51625181020574   -284.50279236885768   -284.48643392614446   -284.46524344760951   -284.43587009298199
 -0.54   -284.54196500222491   -284.55785738038497   -284.56368550017669   -284.56303259398692   -284.55836140433615   -284.55103937011950   -284.54197514774506   -284.53170588790465   -284.52018702325233   -284.50683460990604   -284.49071215582597   -284.46972449547854   -284.44059187124816
 -0.48   -284.54224652353787   -284.55820921318013   -284.56412728185848   -284.56358245713545   -284.55897853292777   -284.55184076161783   -284.54296993262051   -284.53284739275909   -284.52148839186475   -284.50851034338132   -284.49259855483899   -284.47190948756236   -284.44300273943338
 -0.42   -284.54062606280348   -284.55667899295275   -284.56270546527429   -284.56231762780902   -284.55786838415037   -284.55091562705633   -284.54212078082429   -284.53231837458350   -284.52120952638944   -284.50845511846012   -284.49292053356896   -284.47248905658188   -284.44385697149806
 -0.36   -284.53781162791159   -284.55398195971003   -284.56014639032492   -284.55991152274453   -284.55567402811300   -284.54887685195206   -284.54040196481918   -284.53080158325679   -284.52011828133647   -284.50770649836352   -284.49244826936518   -284.47237609809298   -284.44408344508690
 -0.30   -284.53441520266813   -284.55074684402899   -284.55708083751659   -284.55693670248212   -284.55291012113355   -284.54653541924978   -284.53836600187788   -284.52916245720871   -284.51885947999335   -284.50687016048397   -284.49207429811497   -284.47238771498172   -284.44449580877443
 -0.24   -284.53085184116037   -284.54726063589487   -284.55378046707426   -284.55396211146751   -284.55026165140396   -284.54418161992260   -284.53645324189176   -284.52769220770421   -284.51780665807411   -284.50624358419225   -284.49190795326712   -284.47267052702330   -284.44524283144960
 -0.18   -284.52697286763504   -284.54369651748175   -284.55053405305989   -284.55106481551007   -284.54768836545702   -284.54198405885552   -284.53473095743652   -284.52644913080155   -284.51704458695309   -284.50602779714853   -284.49226253423495   -284.47348018833253   -284.44637143037357
 -0.12   -284.52323850878196   -284.54027664441094   -284.54745539003790   -284.54829954796577   -284.54535889961863   -284.54006803492030   -284.53334410187119   -284.52559790341422   -284.51683979073641   -284.50639215668349   -284.49306797362544   -284.47479328639696   -284.44795495406248
 -0.06   -284.51985470793670   -284.53722785969728   -284.54470919983271   -284.54605809538890   -284.54358984517035   -284.53886406537418   -284.53260970153025   -284.52553065262470   -284.51725648572545   -284.50741493153737   -284.49466883880666   -284.47678018630438   -284.45023732637321
 -0.00   -284.51724959543253   -284.53490309559766   -284.54293662303257   -284.54467535026140   -284.54284680751965   -284.53861514974011   -284.53290629433468   -284.52637240739585   -284.51877669418360   -284.50949085156503   -284.49721431071282   -284.47958249966325   -284.45362420611798
  0.06   -284.51557396955945   -284.53363518388596   -284.54215613109619   -284.54448124536469   -284.54304908595196   -284.53942562957644   -284.53443650821146   -284.52846909987346   -284.52146295117797   -284.51269458769576   -284.50065987793027   -284.48367010515841   -284.45816702410133
  0.12   -284.51512505463421   -284.53363026266840   -284.54249319872321   -284.54541433256992   -284.54460443754994   -284.54155710923737   -284.53709882986880   -284.53174606227572   -284.52530089853389   -284.51682241423765   -284.50549214008720   -284.48905178793490   -284.46394906759019
  0.18   -284.51604632424409   -284.53501741709522   -284.54432412995686   -284.54774924233749   -284.54753638949461   -284.54505997301408   -284.54117592355243   -284.53634181268666   -284.53018157834941   -284.52239520162266   -284.51162370660762   -284.49564049209232   -284.47093670410283
  0.24   -284.51835013444992   -284.53763655967668   -284.54757468310788   -284.55153011892418   -284.55181742964811   -284.54985025669339   -284.54645962674113   -284.54196856680460   -284.53642426071042   -284.52924196005830   -284.51896000601596   -284.50337045239365   -284.47899998811295
  0.30   -284.52206546713899   -284.54183630820467   -284.55214417929648   -284.55654550912777   -284.55731112727216   -284.55570678109228   -284.55265536384780   -284.54878616010586   -284.54383810029867   -284.53711847109605   -284.52726028716955   -284.51203755611522   -284.48798234864432
  0.36   -284.52693100925234   -284.54709295320646   -284.55777386786025   -284.56256572261503   -284.56351049184298   -284.56234916958840   -284.55989961914969   -284.55649685060177   -284.55198383206886   -284.54567375637640   -284.53620177849234   -284.52132077153306   -284.49753416286785
  0.42   -284.53258769148056   -284.55300233304320   -284.56391938176608   -284.56895884896926   -284.57036883487245   -284.56966724665119   -284.56766031499870   -284.56465878841351   -284.56051565141996   -284.55455386074061   -284.54541109451833   -284.53082621083138   -284.50729456144597
  0.48   -284.53864770994454   -284.55930217328967   -284.57055283507196   -284.57583878816342   -284.57758776816820   -284.57726591274519   -284.57565002728103   -284.57302805627182   -284.56923493670786   -284.56358734813324   -284.55472794126143   -284.54038655296705   -284.51704628880168
  0.54   -284.54485725760878   -284.56573048872974   -284.57714996250911   -284.58273506113886   -284.58477863998098   -284.58481562748420   -284.58356643915857   -284.58129097601284   -284.57781744158245   -284.57245124920229   -284.56382885464211   -284.54968716752757   -284.52653491745457
  0.60   -284.55019134691804   -284.57123947648586   -284.58290117697908   -284.58876000998805   -284.59111026554791   -284.59143520879820   -284.59051303091582   -284.58855538255870   -284.58535570895333   -284.58023409617545   -284.57181815569970   -284.55784835495484   -284.53482872999888
  0.66   -284.55362286241490   -284.57485765201386   -284.58675355429398   -284.59284995526315   -284.59544037070020   -284.59600395204433   -284.59532445375203   -284.59363216889955   -284.59068150126654   -284.58575299245467   -284.57749132071740   -284.56366417132654   -284.54077366704598
  0.72   -284.55363242336563   -284.57500743463288   -284.58717346466392   -284.59347018448494   -284.59624612963438   -284.59696705753265   -284.59646092268582   -284.59492791273021   -284.59212671076887   -284.58735926884134   -284.57925835112633   -284.56557410904310   -284.54279270879954
  0.78   -284.54788569959430   -284.56941898782520   -284.58192537038002   -284.58807959677074   -284.59083953636161   -284.59168068836073   -284.59129098475665   -284.58992320575743   -284.58731199056331   -284.58274944059986   -284.57485223647723   -284.56138764410821   -284.53879132514726
  0.84   -284.53312640785879   -284.55484557882073   -284.56738790289091   -284.57363186895532   -284.57656050370213   -284.57746217823507   -284.57723653805380   -284.57598032042523   -284.57357660927568   -284.56914311032756   -284.56139263337144   -284.54799444882809   -284.52568642533703
