#   X
 -0.72   -267.27991558347372
 -0.66   -267.30767648195712
 -0.60   -267.32554248893001
 -0.54   -267.33620818224699
 -0.48   -267.34175018045272
 -0.42   -267.34369133641184
 -0.36   -267.34327064857234
 -0.30   -267.34199753132873
 -0.24   -267.33806433034152
 -0.18   -267.33464539043848
 -0.12   -267.33094994460288
 -0.06   -267.32728093478403
 -0.00   -267.32376981115920
  0.06   -267.32111542515531
  0.12   -267.31943680715023
  0.18   -267.31913729226272
  0.24   -267.31992379401748
  0.30   -267.32184407673287
  0.36   -267.32459468097790
  0.42   -267.32786724669268
  0.48   -267.33128425519760
  0.54   -267.33372744832985
  0.60   -267.33355579489222
  0.66   -267.32854940984635
  0.72   -267.31611794937896
  0.78   -267.29197456964198
  0.84   -267.25020184547111
