#    X
 -0.66 -267.30650739309158
 -0.60 -267.32476737474133
 -0.54 -267.33596325999360
 -0.48 -267.34216275851372
 -0.42 -267.34488874457884
 -0.36 -267.34527316413369
 -0.30 -267.34417191172025
 -0.24 -267.34227276741819
 -0.18 -267.34017869050490
 -0.12 -267.33820139296989
 -0.06 -267.33630705711369
 -0.00 -267.33457178914568
  0.06 -267.33317707454074
  0.12 -267.33228061168245
  0.18 -267.33197750316054
  0.24 -267.33228161957879
  0.30 -267.33309970932169
  0.36 -267.33439390031162
  0.42 -267.33620652508523
  0.48 -267.33800478955231
  0.54 -267.33880717783160
  0.60 -267.33721109495264
  0.66 -267.33118430422019
  0.72 -267.31781326825109
  0.78 -267.29292944323430
  0.84 -267.25050549097557
