 # Z-Coordinate     Average potential
        0.00000000        5.84442956
        0.16498316        5.84441820
        0.32996632        5.84441022
        0.49494948        5.84440218
        0.65993264        5.84439358
        0.82491580        5.84438542
        0.98989896        5.84437929
        1.15488212        5.84437638
        1.31986528        5.84436922
        1.48484844        5.84436236
        1.64983160        5.84435924
        1.81481476        5.42419265
        1.97979792        5.42418708
        2.14478108        5.42418582
        2.30976424        5.42418119
        2.47474740        5.42417639
        2.63973056        5.42416585
        2.80471372        5.42414509
        2.96969687        5.42409927
        3.13468003        5.42399554
        3.29966319        5.42376151
        3.46464635        5.42325056
        3.62962951        5.42217612
        3.79461267        5.41999176
        3.95959583        5.41571789
        4.12457899        5.40764624
        4.28956215        5.39288793
        4.45454531        5.36669679
        4.61952847        5.32136922
        4.78451163        5.24450451
        4.94949479        5.11604902
        5.11447795        4.90334803
        5.27946111        4.55302706
        5.44444427        3.97814368
        5.60942743        3.03757722
        5.77441059        1.49948290
        5.93939375       -1.02492876
        6.10437691       -5.16463025
        6.26936007      -11.75429440
        6.43434323      -21.26038693
        6.59932639      -31.90943866
        6.76430955      -38.45330338
        6.92929271      -36.46762894
        7.09427587      -27.40481852
        7.25925903      -16.89164859
        7.42424219       -8.79248585
        7.58922535       -3.64954070
        7.75420851       -0.83360718
        7.91919167        0.24171632
        8.08417483       -0.14707067
        8.24915799       -2.04697128
        8.41414115       -5.83366561
        8.57912430      -12.14790331
        8.74410746      -21.34867334
        8.90909062      -31.74084999
        9.07407378      -38.31734122
        9.23905694      -36.66208280
        9.40404010      -27.94768769
        9.56902326      -17.56460907
        9.73400642       -9.42536572
        9.89898958       -4.18295206
       10.06397274       -1.24404790
       10.22895590       -0.03724949
       10.39393906       -0.30162187
       10.55892222       -2.10198868
       10.72390538       -5.83064677
       10.88888854      -12.13713576
       11.05387170      -21.36638811
       11.21885486      -31.79690438
       11.38383802      -38.47598539
       11.54882118      -37.01259115
       11.71380434      -28.44953045
       11.87878750      -18.03536626
       12.04377066       -9.72339615
       12.20875382       -4.27977930
       12.37373698       -1.12921843
       12.53872014        0.33494522
       12.70370330        0.42543882
       12.86868646       -0.85011309
       13.03366962       -3.77742398
       13.19865278       -8.90457539
       13.36363594      -16.72128771
       13.52861910      -26.55505985
       13.69360226      -35.12866648
       13.85858542      -37.72502203
       14.02356858      -32.63100343
       14.18855173      -23.08257480
       14.35353489      -13.84778129
       14.51851805       -7.29780334
       14.68350121       -3.31398357
       14.84848437       -0.78283470
       15.01346753        1.14136097
       15.17845069        2.54962001
       15.34343385        3.40864330
       15.50841701        3.99911410
       15.67340017        4.45201155
       15.83838333        4.74649183
       16.00336649        4.92069527
       16.16834965        5.01971628
       16.33333281        5.07134785
       16.49831597        5.09048526
       16.66329913        5.08246559
       16.82828229        5.04370199
       16.99326545        4.95928426
       17.15824861        4.79785976
       17.32323177        4.52261657
       17.48821493        4.16819276
       17.65319809        3.86118654
       17.81818125        3.54799293
       17.98316441        3.14212440
       18.14814757        2.82052691
       18.31313073        2.63899292
       18.47811389        2.60467176
       18.64309705        2.37342105
       18.80808021        1.96884461
       18.97306337        1.64267852
       19.13804653        1.24579590
       19.30302969        1.12541297
       19.46801285        1.88977631
       19.63299601        2.84142019
       19.79797916        3.26191134
       19.96296232        3.17341021
       20.12794548        2.88131323
       20.29292864        2.65806279
       20.45791180        2.32843450
       20.62289496        1.83052453
       20.78787812        1.41577262
       20.95286128        1.10638194
       21.11784444        0.59249842
       21.28282760        0.09279963
       21.44781076        0.16830462
       21.61279392        0.79551449
       21.77777708        1.37517586
       21.94276024        1.68143546
       22.10774340        1.75927232
       22.27272656        1.69493625
       22.43770972        1.62681571
       22.60269288        1.70237938
       22.76767604        1.83187282
       22.93265920        1.78601176
       23.09764236        1.64825802
       23.26262552        1.55307861
       23.42760868        1.49584785
       23.59259184        1.10341458
       23.75757500        0.74343017
       23.92255816        0.82082761
       24.08754132        1.02826889
       24.25252448        1.20781457
       24.41750764        1.32612134
       24.58249080        1.38888121
       24.74747396        1.49930104
       24.91245712        1.58864292
       25.07744028        1.62902105
       25.24242344        1.66994035
       25.40740659        1.66897918
       25.57238975        1.58626983
       25.73737291        1.35838282
       25.90235607        1.21515643
       26.06733923        1.32380010
       26.23232239        1.70271027
       26.39730555        2.13170039
       26.56228871        2.42310664
       26.72727187        2.34645126
       26.89225503        1.81708257
       27.05723819        1.27978016
       27.22222135        0.99237464
       27.38720451        0.96362171
       27.55218767        1.45256023
       27.71717083        2.10932817
       27.88215399        2.53091212
       28.04713715        2.60690562
       28.21212031        2.47180593
       28.37710347        2.06248044
       28.54208663        1.55609521
       28.70706979        1.61803615
       28.87205295        2.02497329
       29.03703611        2.23651514
       29.20201927        2.28344881
       29.36700243        2.22733123
       29.53198559        2.14898249
       29.69696875        2.02307072
       29.86195191        1.50033810
       30.02693507        0.91650703
       30.19191823        0.61819319
       30.35690139        0.69026249
       30.52188455        1.17709859
       30.68686771        1.80023121
       30.85185087        1.99634789
       31.01683402        1.80456187
       31.18181718        1.60653473
       31.34680034        1.60022110
       31.51178350        1.74880324
       31.67676666        1.86623101
       31.84174982        1.80725064
       32.00673298        1.75757117
       32.17171614        1.60621703
       32.33669930        1.37087355
       32.50168246        1.28065983
       32.66666562        1.12635932
       32.83164878        1.19569383
       32.99663194        1.74964543
       33.16161510        2.37556958
       33.32659826        2.73806359
       33.49158142        2.65217304
       33.65656458        2.13574567
       33.82154774        1.33234717
       33.98653090        0.71258957
       34.15151406        0.90232940
       34.31649722        1.71278821
       34.48148038        2.25990008
       34.64646354        2.34072349
       34.81144670        2.03856424
       34.97642986        1.45311618
       35.14141302        1.33424712
       35.30639618        2.10801924
       35.47137934        2.95816576
       35.63636250        3.23911262
       35.80134566        2.90750930
       35.96632882        2.51678415
       36.13131198        2.53716674
       36.29629514        2.61923980
       36.46127830        2.48849411
       36.62626145        2.13399964
       36.79124461        1.80039741
       36.95622777        1.63737144
       37.12121093        1.57102863
       37.28619409        1.52252659
       37.45117725        1.33451590
       37.61616041        1.06858214
       37.78114357        0.98674817
       37.94612673        1.34839250
       38.11110989        2.03695111
       38.27609305        2.62708828
       38.44107621        3.04933475
       38.60605937        3.56522813
       38.77104253        3.93404710
       38.93602569        3.94780612
       39.10100885        3.84052960
       39.26599201        3.62922906
       39.43097517        3.58202385
       39.59595833        4.07767969
       39.76094149        4.65188378
       39.92592465        4.94649529
       40.09090781        4.92766713
       40.25589097        4.72403703
       40.42087413        4.63343591
       40.58585729        4.89875152
       40.75084045        5.31605107
       40.91582361        5.60498237
       41.08080677        5.74182971
       41.24578993        5.76555183
       41.41077309        5.68715784
       41.57575625        5.51653083
       41.74073941        5.40039653
       41.90572257        5.49850232
       42.07070573        5.65788979
       42.23568888        5.74117131
       42.40067204        5.75626643
       42.56565520        5.76267174
       42.73063836        5.79267144
       42.89562152        5.81656237
       43.06060468        5.82974710
       43.22558784        5.83686135
       43.39057100        5.84071786
       43.55555416        5.84280931
       43.72053732        5.84393337
       43.88552048        5.84451815
       44.05050364        5.84481185
       44.21548680        5.84494343
       44.38046996        5.84499067
       44.54545312        5.84499550
       44.71043628        5.84497694
       44.87541944        5.84494844
       45.04040260        5.84491348
       45.20538576        5.84487817
       45.37036892        5.84484507
       45.53535208        5.84481026
       45.70033524        5.84477736
       45.86531840        5.84474889
       46.03030156        5.84472091
       46.19528472        5.84469361
       46.36026788        5.84466976
       46.52525104        5.84464687
       46.69023420        5.84462593
       46.85521736        5.84460641
       47.02020052        5.84458803
       47.18518368        5.84456945
       47.35016684        5.84455643
       47.51515000        5.84453823
       47.68013316        5.84452439
       47.84511631        5.84450958
       48.01009947        5.84449583
       48.17508263        5.84448284
       48.34006579        5.84447197
       48.50504895        5.84445937
       48.67003211        5.84444847
       48.83501527        5.15359800
 # Z-Coordinate     Average potential
        0.00000000        5.52960996
        0.16498316        5.52961529
        0.32996632        5.52962112
        0.49494948        5.52962560
        0.65993264        5.52963287
        0.82491580        5.52963697
        0.98989896        5.52964268
        1.15488212        5.52964822
        1.31986528        5.52965181
        1.48484844        5.52965517
        1.64983160        5.52965814
        1.81481476        5.52965870
        1.97979792        5.52966103
        2.14478108        5.52966029
        2.30976424        5.52966065
        2.47474740        5.52965720
        2.63973056        5.52965143
        2.80471372        5.52963452
        2.96969687        5.52959874
        3.13468003        5.52951004
        3.29966319        5.52930666
        3.46464635        5.52886507
        3.62962951        5.52791885
        3.79461267        5.52598970
        3.95959583        5.52218691
        4.12457899        5.51496087
        4.28956215        5.50167474
        4.45454531        5.47797972
        4.61952847        5.43680554
        4.78451163        5.36674689
        4.94949479        5.24939570
        5.11447795        5.05479682
        5.27946111        4.73398117
        5.44444427        4.20708775
        5.60942743        3.34448394
        5.77441059        1.93393772
        5.93939375       -0.37974278
        6.10437691       -4.17963532
        6.26936007      -10.28182429
        6.43434323      -19.30831539
        6.59932639      -30.05653991
        6.76430955      -37.74711914
        6.92929271      -37.33130475
        7.09427587      -29.13817668
        7.25925903      -18.48921925
        7.42424219       -9.86141601
        7.58922535       -4.23625938
        7.75420851       -1.05741927
        7.91919167        0.30423624
        8.08417483        0.18493368
        8.24915799       -1.40188549
        8.41414115       -4.76806632
        8.57912430      -10.52176774
        8.74410746      -19.17720998
        8.90909062      -29.64646613
        9.07407378      -37.46670460
        9.23905694      -37.59089081
        9.40404010      -29.92643237
        9.56902326      -19.44942697
        9.73400642      -10.72144372
        9.89898958       -4.92610924
       10.06397274       -1.57246121
       10.22895590       -0.04229889
       10.39393906       -0.00591758
       10.55892222       -1.45977479
       10.72390538       -4.72497182
       10.88888854      -10.41170508
       11.05387170      -19.02251198
       11.21885486      -29.48703584
       11.38383802      -37.48206222
       11.54882118      -37.98345933
       11.71380434      -30.63809099
       11.87878750      -20.17118006
       12.04377066      -11.22223699
       12.20875382       -5.17409763
       12.37373698       -1.58771721
       12.53872014        0.18626391
       12.70370330        0.52851884
       12.86868646       -0.49327190
       13.03366962       -3.10599159
       13.19865278       -7.79928962
       13.36363594      -15.05672038
       13.52861910      -24.39874898
       13.69360226      -33.06120551
       13.85858542      -36.74302270
       14.02356858      -33.26966605
       14.18855173      -24.81288403
       14.35353489      -15.62370671
       14.51851805       -8.47166017
       14.68350121       -3.88485288
       14.84848437       -1.08995537
       15.01346753        0.83551872
       15.17845069        2.23892348
       15.34343385        3.18503306
       15.50841701        3.78210932
       15.67340017        4.23853074
       15.83838333        4.60373591
       16.00336649        4.82483638
       16.16834965        4.92898049
       16.33333281        4.94441170
       16.49831597        4.89537022
       16.66329913        4.79372345
       16.82828229        4.55880124
       16.99326545        4.13697777
       17.15824861        3.52175874
       17.32323177        2.80486678
       17.48821493        2.19470526
       17.65319809        1.98006906
       17.81818125        2.48940576
       17.98316441        3.25819595
       18.14814757        3.88340304
       18.31313073        4.29392537
       18.47811389        4.44750718
       18.64309705        4.35482814
       18.80808021        3.94929402
       18.97306337        3.24955363
       19.13804653        2.57997232
       19.30302969        2.25640422
       19.46801285        2.30705918
       19.63299601        2.42583581
       19.79797916        2.37036080
       19.96296232        2.15893115
       20.12794548        1.72084255
       20.29292864        1.35304505
       20.45791180        1.70368570
       20.62289496        2.01325563
       20.78787812        1.84101131
       20.95286128        1.60045201
       21.11784444        1.38789069
       21.28282760        1.62303306
       21.44781076        2.11211509
       21.61279392        2.09152449
       21.77777708        1.72575979
       21.94276024        1.72968950
       22.10774340        2.21602040
       22.27272656        2.64301863
       22.43770972        2.73323852
       22.60269288        2.43404093
       22.76767604        2.08039707
       22.93265920        2.14886645
       23.09764236        2.50824376
       23.26262552        2.79639867
       23.42760868        2.72645462
       23.59259184        2.43390980
       23.75757500        2.10113826
       23.92255816        1.82555333
       24.08754132        1.70229844
       24.25252448        1.81799512
       24.41750764        2.11188236
       24.58249080        2.16119698
       24.74747396        1.80322902
       24.91245712        1.63774206
       25.07744028        1.79778255
       25.24242344        1.83304700
       25.40740659        1.59751571
       25.57238975        1.31802906
       25.73737291        1.43519853
       25.90235607        1.88585903
       26.06733923        2.43508620
       26.23232239        2.96156540
       26.39730555        3.24602501
       26.56228871        2.94823547
       26.72727187        2.31931089
       26.89225503        1.78355821
       27.05723819        1.49098158
       27.22222135        1.30574799
       27.38720451        1.27094325
       27.55218767        1.56952315
       27.71717083        1.87240331
       27.88215399        1.92524214
       28.04713715        1.86407804
       28.21212031        1.91426535
       28.37710347        2.06626153
       28.54208663        2.11806758
       28.70706979        2.18737247
       28.87205295        2.46429107
       29.03703611        2.58184100
       29.20201927        2.47465514
       29.36700243        2.51812717
       29.53198559        2.56519538
       29.69696875        2.42883335
       29.86195191        2.27258377
       30.02693507        1.96051161
       30.19191823        1.47880624
       30.35690139        1.17651107
       30.52188455        1.26216669
       30.68686771        1.59678768
       30.85185087        1.83575806
       31.01683402        1.94825768
       31.18181718        1.87195992
       31.34680034        1.76145231
       31.51178350        1.69615416
       31.67676666        1.47081724
       31.84174982        1.29006592
       32.00673298        1.70155702
       32.17171614        2.53864416
       32.33669930        3.11740075
       32.50168246        3.18766917
       32.66666562        2.89708073
       32.83164878        2.24711680
       32.99663194        1.60814483
       33.16161510        1.27465342
       33.32659826        1.32903416
       33.49158142        1.45008796
       33.65656458        1.21722896
       33.82154774        1.00944239
       33.98653090        1.30345375
       34.15151406        1.54301658
       34.31649722        1.74842084
       34.48148038        2.11383214
       34.64646354        2.41334859
       34.81144670        2.51799156
       34.97642986        2.44891474
       35.14141302        2.62748179
       35.30639618        2.92925900
       35.47137934        2.95703992
       35.63636250        2.51875676
       35.80134566        1.74615867
       35.96632882        1.06079650
       36.13131198        0.86472754
       36.29629514        1.12562510
       36.46127830        1.34791655
       36.62626145        1.47138009
       36.79124461        1.65891934
       36.95622777        1.62649389
       37.12121093        1.57149532
       37.28619409        1.84117177
       37.45117725        2.12544983
       37.61616041        2.31370591
       37.78114357        2.58382966
       37.94612673        2.59497237
       38.11110989        2.01263851
       38.27609305        1.16029064
       38.44107621        0.75391651
       38.60605937        1.06490716
       38.77104253        1.52545034
       38.93602569        2.02500770
       39.10100885        2.63947587
       39.26599201        3.12509470
       39.43097517        3.51548202
       39.59595833        3.77743149
       39.76094149        4.08654920
       39.92592465        4.50955395
       40.09090781        4.81366157
       40.25589097        4.98277667
       40.42087413        5.07410196
       40.58585729        5.12362190
       40.75084045        5.15074251
       40.91582361        5.16574994
       41.08080677        5.17413184
       41.24578993        5.17883926
       41.41077309        5.18150177
       41.57575625        5.18301282
       41.74073941        5.18388035
       41.90572257        5.18439018
       42.07070573        5.18469784
       42.23568888        5.18489754
       42.40067204        5.18503083
       42.56565520        5.18512978
       42.73063836        5.18520387
       42.89562152        5.18526442
       43.06060468        5.18531569
       43.22558784        5.18535848
       43.39057100        5.18539671
       43.55555416        5.18543051
       43.72053732        5.18545991
       43.88552048        5.18548700
       44.05050364        5.18551132
       44.21548680        5.18553276
       44.38046996        5.18555226
       44.54545312        5.18557075
       44.71043628        5.18558639
       44.87541944        5.18560168
       45.04040260        5.18561384
       45.20538576        5.18562677
       45.37036892        5.18563537
       45.53535208        5.18564682
       45.70033524        5.18565345
       45.86531840        5.18566137
       46.03030156        5.18566611
       46.19528472        5.18567327
       46.36026788        5.18567839
       46.52525104        5.18568166
       46.69023420        5.18568702
       46.85521736        5.18568905
       47.02020052        5.52956667
       47.18518368        5.52956912
       47.35016684        5.52957297
       47.51515000        5.52957518
       47.68013316        5.52957839
       47.84511631        5.52958057
       48.01009947        5.52958517
       48.17508263        5.52958626
       48.34006579        5.52958950
       48.50504895        5.52959565
       48.67003211        5.52960066
       48.83501527        5.68764523
 # Z-Coordinate     Average potential
        0.00000000        5.54511539
        0.16498316        5.54511759
        0.32996632        5.54512307
        0.49494948        5.54512855
        0.65993264        5.54513541
        0.82491580        5.54514266
        0.98989896        5.54514984
        1.15488212        5.54515679
        1.31986528        5.54516424
        1.48484844        5.54517202
        1.64983160        5.54517903
        1.81481476        5.54518283
        1.97979792        5.54518621
        2.14478108        5.54519054
        2.30976424        5.54519137
        2.47474740        5.54519193
        2.63973056        5.54518568
        2.80471372        5.54517252
        2.96969687        5.54513509
        3.13468003        5.54504662
        3.29966319        5.54484731
        3.46464635        5.54439850
        3.62962951        5.54344943
        3.79461267        5.54150785
        3.95959583        5.53767890
        4.12457899        5.53040737
        4.28956215        5.51703359
        4.45454531        5.49318829
        4.61952847        5.45175652
        4.78451163        5.38127332
        4.94949479        5.26322374
        5.11447795        5.06747600
        5.27946111        4.74476504
        5.44444427        4.21475429
        5.60942743        3.34701339
        5.77441059        1.92793151
        5.93939375       -0.40008939
        6.10437691       -4.22361143
        6.26936007      -10.36075199
        6.43434323      -19.42430626
        6.59932639      -30.17229622
        6.76430955      -37.78560714
        6.92929271      -37.25330006
        7.09427587      -28.98771006
        7.25925903      -18.34093276
        7.42424219       -9.74750468
        7.58922535       -4.15289919
        7.75420851       -0.99228056
        7.91919167        0.36308616
        8.08417483        0.24875774
        8.24915799       -1.32007446
        8.41414115       -4.65115815
        8.57912430      -10.35055962
        8.74410746      -18.94858718
        8.90909062      -29.42085918
        9.07407378      -37.36691206
        9.23905694      -37.68244887
        9.40404010      -30.14183253
        9.56902326      -19.66878910
        9.73400642      -10.88875407
        9.89898958       -5.04694053
       10.06397274       -1.67081759
       10.22895590       -0.14419733
       10.39393906       -0.13867202
       10.55892222       -1.65729207
       10.72390538       -5.03502138
       10.88888854      -10.89603955
       11.05387170      -19.72087073
       11.21885486      -30.27524547
       11.38383802      -37.96088573
       11.54882118      -37.81540367
       11.71380434      -29.94287594
       11.87878750      -19.38642425
       12.04377066      -10.63185726
       12.20875382       -4.80637806
       12.37373698       -1.39087811
       12.53872014        0.25569636
       12.70370330        0.48755129
       12.86868646       -0.65507271
       13.03366962       -3.43057137
       13.19865278       -8.36735929
       13.36363594      -15.97212196
       13.52861910      -25.65462611
       13.69360226      -34.27830058
       13.85858542      -37.28195313
       14.02356858      -32.82057427
       14.18855173      -23.72063355
       14.35353489      -14.49214359
       14.51851805       -7.66462288
       14.68350121       -3.47114348
       14.84848437       -0.96542203
       15.01346753        1.00383785
       15.17845069        2.54492890
       15.34343385        3.49016523
       15.50841701        4.03980099
       15.67340017        4.45478163
       15.83838333        4.77134250
       16.00336649        4.97167435
       16.16834965        5.07964757
       16.33333281        5.12243222
       16.49831597        5.11089200
       16.66329913        5.05402256
       16.82828229        4.99883985
       16.99326545        4.92600297
       17.15824861        4.72728337
       17.32323177        4.45518677
       17.48821493        4.21651127
       17.65319809        4.02604393
       17.81818125        4.09869051
       17.98316441        4.36294615
       18.14814757        4.50760334
       18.31313073        4.44029774
       18.47811389        4.16478913
       18.64309705        3.64067218
       18.80808021        3.02256628
       18.97306337        2.42143187
       19.13804653        1.95005210
       19.30302969        1.67482760
       19.46801285        1.35003551
       19.63299601        0.93608851
       19.79797916        0.98961971
       19.96296232        1.75927225
       20.12794548        2.63355408
       20.29292864        3.15354343
       20.45791180        3.22763961
       20.62289496        3.05903854
       20.78787812        2.82445830
       20.95286128        2.35696782
       21.11784444        1.66105194
       21.28282760        1.13578474
       21.44781076        0.99053097
       21.61279392        1.11976976
       21.77777708        1.53030226
       21.94276024        1.79674445
       22.10774340        1.68430270
       22.27272656        1.40237076
       22.43770972        1.36223523
       22.60269288        1.51198161
       22.76767604        1.45334501
       22.93265920        1.42975534
       23.09764236        1.44898316
       23.26262552        1.58148775
       23.42760868        1.82683635
       23.59259184        2.02973445
       23.75757500        2.06247954
       23.92255816        1.87669814
       24.08754132        1.45845709
       24.25252448        1.19568895
       24.41750764        1.46156356
       24.58249080        1.95514538
       24.74747396        2.44780064
       24.91245712        2.63397206
       25.07744028        2.28967993
       25.24242344        1.63880586
       25.40740659        1.32766471
       25.57238975        1.49534713
       25.73737291        1.99361360
       25.90235607        2.49021434
       26.06733923        2.53468493
       26.23232239        2.36203091
       26.39730555        2.27614633
       26.56228871        2.50420942
       26.72727187        2.68132022
       26.89225503        2.68621415
       27.05723819        2.71218853
       27.22222135        2.74395642
       27.38720451        2.68283164
       27.55218767        2.54416649
       27.71717083        2.15619940
       27.88215399        1.44639498
       28.04713715        0.98773285
       28.21212031        1.25822576
       28.37710347        1.77655546
       28.54208663        2.03446812
       28.70706979        2.19976423
       28.87205295        2.28418866
       29.03703611        2.01627456
       29.20201927        1.65735686
       29.36700243        1.70751124
       29.53198559        1.90558226
       29.69696875        1.94406465
       29.86195191        1.94629918
       30.02693507        1.98704801
       30.19191823        1.99124033
       30.35690139        1.84905661
       30.52188455        1.63630385
       30.68686771        1.56000072
       30.85185087        1.70056594
       31.01683402        1.87781739
       31.18181718        1.97805890
       31.34680034        2.03049371
       31.51178350        2.17385666
       31.67676666        2.41873306
       31.84174982        2.53228120
       32.00673298        2.30542336
       32.17171614        1.89240502
       32.33669930        1.53832080
       32.50168246        1.43306843
       32.66666562        1.56780590
       32.83164878        1.64639441
       32.99663194        1.26813323
       33.16161510        0.74601569
       33.32659826        0.49499774
       33.49158142        0.47134299
       33.65656458        0.87859506
       33.82154774        1.69239185
       33.98653090        2.41465061
       34.15151406        2.74713414
       34.31649722        2.78152861
       34.48148038        2.75549653
       34.64646354        2.61492693
       34.81144670        2.15454223
       34.97642986        1.90108053
       35.14141302        2.12477122
       35.30639618        2.42871385
       35.47137934        2.48072460
       35.63636250        2.37624279
       35.80134566        2.55780155
       35.96632882        2.98305444
       36.13131198        3.00705018
       36.29629514        2.42406440
       36.46127830        1.83333078
       36.62626145        1.93032006
       36.79124461        2.15824836
       36.95622777        2.15782138
       37.12121093        2.17783851
       37.28619409        2.14936838
       37.45117725        2.15829106
       37.61616041        2.19487506
       37.78114357        2.05756779
       37.94612673        1.89075391
       38.11110989        1.97103941
       38.27609305        2.17638354
       38.44107621        2.33069418
       38.60605937        2.54559506
       38.77104253        2.82985992
       38.93602569        2.81346884
       39.10100885        2.48676829
       39.26599201        2.45755162
       39.43097517        2.79158385
       39.59595833        3.16403458
       39.76094149        3.44984150
       39.92592465        3.66934604
       40.09090781        3.79027863
       40.25589097        3.79274988
       40.42087413        3.98076962
       40.58585729        4.37946221
       40.75084045        4.70314594
       40.91582361        4.86297353
       41.08080677        4.93278214
       41.24578993        4.99441001
       41.41077309        5.04350769
       41.57575625        5.07160937
       41.74073941        5.08699345
       41.90572257        5.09544162
       42.07070573        5.10008943
       42.23568888        5.10263905
       42.40067204        5.10401815
       42.56565520        5.10474832
       42.73063836        5.10511991
       42.89562152        5.10529744
       43.06060468        5.10536941
       43.22558784        5.10538558
       43.39057100        5.10537683
       43.55555416        5.10535059
       43.72053732        5.10531961
       43.88552048        5.10528327
       44.05050364        5.10525082
       44.21548680        5.10521792
       44.38046996        5.10518735
       44.54545312        5.10515938
       44.71043628        5.10513384
       44.87541944        5.10510808
       45.04040260        5.10508655
       45.20538576        5.10506534
       45.37036892        5.10504782
       45.53535208        5.10502791
       45.70033524        5.10501051
       45.86531840        5.10499661
       46.03030156        5.10497988
       46.19528472        5.10496613
       46.36026788        5.10495246
       46.52525104        5.10493904
       46.69023420        5.10492888
       46.85521736        5.10491574
       47.02020052        5.10490440
       47.18518368        5.10489545
       47.35016684        5.54515232
       47.51515000        5.54514381
       47.68013316        5.54513571
       47.84511631        5.54512905
       48.01009947        5.54512307
       48.17508263        5.54511945
       48.34006579        5.54511598
       48.50504895        5.54511412
       48.67003211        5.54511218
       48.83501527        4.48183554
